115
169
152
148
147
149
317
303
302
305
1156
1165
1166
526
524
523
522
521
36992
36991
36990
1610658
1610699
1610660
1600073
1600074
1600075
1600076
1600132
1600133
1600134
1600119
1602144
1602151
1602153
1602154
1602159
1600170
1600171
1600172
1610418
1600207
1602182
1610784
1610782
1610783
1602171
1600967
1600966
1600963
1601859
1608184
1608189
1608190
1601890
1601883
1601839
1601840
1601891
1601913
1594870
1594869
1606529
1607650
1607581
1607583
1607379
1607378
1607513
1607691
1607692
1607663
1607662
1607674
1607676
1607677
1607329
1607324
1607323
1203265
1203264
1662299
1658407
1662300
1662304
1660362
856244
856284
856285
856126
856225
856190
856185
856189
856144
856134
856136
855672
855671
855775
871212
833586
833585
859990
859991
855851
855852
860748
855849
855809
855712
855826
856346
834613
832126
832127
844234
845319
845316
839107
840707
841352
845185
845186
845534
848661
848662
851561
851559
844216
842103
844299
1530648
1530649
1530764
1531300
1531350
1533235
1533236
1506587
1506588
1526880
1526906
1533257
1533255
1533258
1533261
1533262
1510587
1533266
1533267
1533269
1533271
1533913
1533296
1510582
1510583
1520191
1520190
1520305
1520306
1533322
1533325
1533323
1533329
1533332
1533333
1526854
1526820
1523990
1523957
1567054
1589772
1589773
1567042
1568889
1568888
1571989
1565483
1565485
1565726
1565727
1575815
1566082
1566485
1566484
1589724
1588590
1566704
1566703
1589748
1589749
1589752
1589750
1589751
1589747
1576399
1566565
1566566
1589753
1588682
1589754
1589756
1588819
1588820
1588055
1588551
1566702
1566701
1589668
1567442
1569537
1589796
1589797
1589721
1922971
1922973
1911320
1945849
1945850
1945990
1945992
1910296
1910297
1927287
1949684
1949679
1949680
1949682
1922972
1910295
1910294
668472
664851
664852
670382
670383
670384
670385
664848
664847
667977
664697
575853
575852
575851
537904
537903
537994
538687
538693
538805
538830
546336
546337
546369
575946
575945
547650
547651
575948
575947
575949
575950
575951
575952
575842
575841
575843
575954
575834
575833
575844
575960
575847
575846
575959
532162
532160
532159
532133
532134
961592
961608
961609
961610
948365
948853
960939
960938
960937
961495
961497
920257
919650
919643
919642
920259
920258
912959
913071
913255
913590
913625
913835
913833
914768
899283
915027
915049
915048
917423
915158
915155
918759
918760
1425845
1426067
1466099
1466103
1466102
1466101
1426071
1426070
1426069
1426086
1426139
1426151
1426150
1426091
1426090
1427870
1426195
1427874
1427872
1427873
1427816
1427814
1427862
1465241
1428040
1428038
1428039
1428215
1428243
1428242
1442347
1427937
1427938
1131619
1131620
1131621
1131643
1131640
1131506
1131507
1131508
1131509
1131510
1131511
1131478
1131991
1131825
1131824
1131823
1131956
1132168
1132086
1135970
1132078
1131808
1131809
1132171
1132170
1132291
1132351
1148827
1148838
1146410
1132332
